# x y error_y
0.000000 2.846022 0.220671
0.202020 3.245303 0.298022
0.404040 3.254654 0.208941
0.606061 3.493063 0.262325
0.808081 3.717129 0.350408
1.010101 4.111358 0.343100
1.212121 4.205704 0.388311
1.414141 4.315684 0.355379
1.616162 4.257531 0.243046
1.818182 4.671390 0.380994
2.020202 4.651751 0.310453
2.222222 4.913203 0.368980
2.424242 4.774494 0.384498
2.626263 4.756729 0.365792
2.828283 5.122169 0.278840
3.030303 4.885316 0.319638
3.232323 4.959938 0.286540
3.434343 4.905051 0.338829
3.636364 4.769777 0.296937
3.838384 5.017133 0.225652
4.040404 4.940987 0.328874
4.242424 4.893200 0.240941
4.444444 4.544591 0.348991
4.646465 4.641848 0.221123
4.848485 4.293084 0.201462
5.050505 4.223995 0.266898
5.252525 3.818644 0.393851
5.454545 3.963974 0.340195
5.656566 3.535619 0.282737
5.858586 3.326339 0.224150
6.060606 3.024172 0.212073
6.262626 3.037840 0.345242
6.464646 2.809026 0.381090
6.666667 2.673414 0.203205
6.868687 2.614108 0.316828
7.070707 2.396137 0.345721
7.272727 2.214401 0.258440
7.474747 1.887791 0.304560
7.676768 1.558087 0.362970
7.878788 1.440721 0.319265
8.080808 1.616041 0.275711
8.282828 1.282032 0.215512
8.484848 1.362838 0.297381
8.686869 1.203461 0.293639
8.888889 1.122880 0.236307
9.090909 0.938026 0.214027
9.292929 1.163043 0.301680
9.494949 0.883987 0.266370
9.696970 0.980256 0.242900
9.898990 1.253385 0.218931
10.101010 1.207528 0.367586
10.303030 1.167778 0.271022
10.505051 1.308988 0.365357
10.707071 1.361681 0.205192
10.909091 1.616770 0.200448
11.111111 1.629476 0.384884
11.313131 1.895238 0.334787
11.515152 2.078406 0.398963
11.717172 2.219912 0.295901
11.919192 2.380070 0.231827
12.121212 2.440941 0.390457
12.323232 2.637125 0.233214
12.525253 3.077180 0.273857
12.727273 3.076862 0.386912
12.929293 3.423319 0.216328
13.131313 3.477306 0.290792
13.333333 3.606094 0.377458
13.535354 3.893099 0.263881
13.737374 4.029343 0.392532
13.939394 4.165045 0.399475
14.141414 4.452455 0.297203
14.343434 4.450431 0.264258
14.545455 4.770657 0.394688
14.747475 4.861823 0.399744
14.949495 4.936001 0.289043
15.151515 4.764187 0.208949
15.353535 5.146134 0.289412
15.555556 4.995532 0.342035
15.757576 5.159254 0.325214
15.959596 4.863623 0.334130
16.161616 4.986550 0.394384
16.363636 5.079646 0.332394
16.565657 5.018371 0.218290
16.767677 4.535426 0.317946
16.969697 4.607554 0.242316
17.171717 4.404412 0.359015
17.373737 4.170973 0.270061
17.575758 4.217261 0.300487
17.777778 3.823245 0.340708
17.979798 3.887112 0.234326
18.181818 3.803474 0.320212
18.383838 3.614961 0.232007
18.585859 3.444662 0.365316
18.787879 3.157613 0.266540
18.989899 2.733657 0.309339
19.191919 2.633178 0.366142
19.393939 2.616674 0.393813
19.595960 2.172821 0.265507
19.797980 2.064050 0.217675
20.000000 1.958733 0.392698
